Australia and New Zealand
Central America and Caribbean
Eastern Africa
Eastern and Central Asia
Eastern Europe
Melanesia, Polynesia and Micronesia
Middle and Northern Africa
Northern America
Northern and Western Europe
South America
South-Eastern Asia
Southern Africa
Southern Asia
Southern Europe
Western Africa
Western Asia
